[[np.nan,3,5,48,48,8,8,5,5,3,3,0,3,5,8,8,5],
[3,np.nan,3,48,48,8,8,5,5,0,0,3,0,3,8,8,5],
[5,3,np.nan,72,72,48,48,24,24,3,3,5,3,0,48,48,24],
[48,48,74,np.nan,0,6,6,12,12,48,48,48,48,74,6,6,12],
[48,48,74,0,np.nan,6,6,12,12,48,48,48,48,74,6,6,12],
[8,8,50,6,6,np.nan,0,8,8,8,8,8,8,50,0,0,8],
[8,8,50,6,6,0,np.nan,8,8,8,8,8,8,50,0,0,8],
[5,5,26,12,12,8,8,np.nan,0,5,5,5,5,26,8,8,0],
[5,5,26,12,12,8,8,0,np.nan,5,5,5,5,26,8,8,0],
[3,0,3,48,48,8,8,5,5,np.nan,0,3,0,3,8,8,5],
[3,0,3,48,48,8,8,5,5,0,np.nan,3,0,3,8,8,5],
[0,3,5,48,48,8,8,5,5,3,3,np.nan,3,5,8,8,5],
[3,0,3,48,48,8,8,5,5,0,0,3,np.nan,3,8,8,5],
[5,3,0,72,72,48,48,24,24,3,3,5,3,np.nan,48,48,24],
[8,8,50,6,6,0,0,8,8,8,8,8,8,50,np.nan,0,8],
[8,8,50,6,6,0,0,8,8,8,8,8,8,50,0,np.nan,8],
[5,5,26,12,12,8,8,0,0,5,5,5,5,26,8,8,np.nan]]

Résultat : 39
Source : http://elib.zib.de/pub/mp-testdata/tsp/tsplib/atsp/br17.atsp
